6.12897
6.12895
6.12893
6.12891
6.1289
6.12888
6.12886
6.12884
6.12882
6.1288
6.12879
6.12877
6.12875
6.12873
6.12871
6.1287
6.12868
6.12866
6.12864
6.12862
6.1286
6.12859
6.12857
6.12855
6.12853
6.12851
6.1285
6.12848
6.12846
6.12844
6.12843
6.12841
6.12839
6.12837
6.12836
6.12834
6.12832
6.1283
6.12829
6.12827
6.12825
6.12823
6.12821
6.1282
6.12818
6.12816
6.12814
6.12813
6.12811
6.12809
6.12807
6.12806
6.12804
6.12802
6.128
6.12798
6.12797
6.12795
6.12793
6.12791
6.1279
6.12788
6.12786
6.12784
6.12783
6.12781
6.12779
6.12777
6.12775
6.12774
6.12772
6.1277
6.12768
6.12767
6.12765
6.12763
6.12761
6.1276
6.12758
6.12756
6.12754
6.12752
6.12751
6.12749
6.12747
6.12745
6.12744
6.12742
6.1274
6.12738
6.12737
6.12735
6.12733
6.12731
6.12729
6.12728
6.12726
6.12724
6.12722
6.12721
6.12719
6.12717
6.12715
6.12714
6.12712
6.1271
6.12708
6.12706
6.12705
6.12703
6.12701
6.12699
6.12698
6.12696
6.12694
6.12692
6.12691
6.12689
6.12687
6.12685
6.12683
6.12682
6.1268
6.12678
6.12676
6.12675
6.12673
6.12671
6.12669
6.12668
6.12666
6.12664
6.12662
6.1266
6.12659
6.12657
6.12655
6.12653
6.12652
6.1265
6.12648
6.12646
6.12645
6.12643
6.12641
6.12639
6.12637
6.12636
6.12634
6.12632
6.1263
6.12629
6.12627
6.12625
6.12623
6.12622
6.1262
6.12618
6.12616
6.12614
6.12613
6.12611
6.12609
6.12607
6.12606
6.12604
6.12602
6.126
6.12599
6.12597
6.12595
6.12593
6.12591
6.1259
6.12588
6.12586
6.12584
6.12583
6.12581
6.12579
6.12577
6.12576
6.12574
6.12572
6.1257
6.12569
6.12567
6.12565
6.12564
6.12562
6.1256
6.12558
6.12557
6.12555
6.12553
6.12552
6.1255
6.12548
6.12546
6.12545
6.12543
