0.11599
0.11596
0.11594
0.11591
0.11589
0.11587
0.11584
0.11582
0.1158
0.11577
0.11575
0.11572
0.1157
0.11568
0.11565
0.11563
0.11561
0.11558
0.11556
0.11553
0.11551
0.11549
0.11546
0.11544
0.11542
0.1154
0.11537
0.11535
0.11533
0.1153
0.11528
0.11526
0.11524
0.11521
0.11519
0.11517
0.11515
0.11512
0.1151
0.11508
0.11505
0.11503
0.11501
0.11499
0.11496
0.11494
0.11492
0.1149
0.11487
0.11485
0.11483
0.1148
0.11478
0.11476
0.11474
0.11471
0.11469
0.11467
0.11465
0.11462
0.1146
0.11458
0.11455
0.11453
0.11451
0.11449
0.11446
0.11444
0.11442
0.1144
0.11437
0.11435
0.11433
0.1143
0.11428
0.11426
0.11424
0.11421
0.11419
0.11417
0.11415
0.11412
0.1141
0.11408
0.11405
0.11403
0.11401
0.11399
0.11396
0.11394
0.11392
0.1139
0.11387
0.11385
0.11383
0.1138
0.11378
0.11376
0.11374
0.11371
0.11369
0.11367
0.11365
0.11362
0.1136
0.11358
0.11355
0.11353
0.11351
0.11349
0.11346
0.11344
0.11342
0.1134
0.11337
0.11335
0.11333
0.1133
0.11328
0.11326
0.11324
0.11321
0.11319
0.11317
0.11315
0.11312
0.1131
0.11308
0.11305
0.11303
0.11301
0.11299
0.11296
0.11294
0.11292
0.1129
0.11287
0.11285
0.11283
0.1128
0.11278
0.11276
0.11274
0.11271
0.11269
0.11267
0.11265
0.11262
0.1126
0.11258
0.11255
0.11253
0.11251
0.11249
0.11246
0.11244
0.11242
0.1124
0.11237
0.11235
0.11233
0.1123
0.11228
0.11226
0.11224
0.11221
0.11219
0.11217
0.11215
0.11212
0.1121
0.11208
0.11205
0.11203
0.11201
0.11199
0.11196
0.11194
0.11192
0.1119
0.11187
0.11185
0.11183
0.11181
0.11179
0.11176
0.11174
0.11172
0.1117
0.11168
0.11166
0.11163
0.11161
0.11159
0.11157
0.11155
0.11153
0.1115
0.11148
0.11146
0.11144
