2450
2450.25
2450.5
2450.75
2451
2451.25
2451.5
2451.75
2452
2452.25
2452.5
2452.75
2453
2453.25
2453.5
2453.75
2454
2454.25
2454.5
2454.75
2455
2455.25
2455.5
2455.75
2456
2456.25
2456.5
2456.75
2457
2457.25
2457.5
2457.75
2458
2458.25
2458.5
2458.75
2459
2459.25
2459.5
2459.75
2460
2460.25
2460.5
2460.75
2461
2461.25
2461.5
2461.75
2462
2462.25
2462.5
2462.75
2463
2463.25
2463.5
2463.75
2464
2464.25
2464.5
2464.75
2465
2465.25
2465.5
2465.75
2466
2466.25
2466.5
2466.75
2467
2467.25
2467.5
2467.75
2468
2468.25
2468.5
2468.75
2469
2469.25
2469.5
2469.75
2470
2470.25
2470.5
2470.75
2471
2471.25
2471.5
2471.75
2472
2472.25
2472.5
2472.75
2473
2473.25
2473.5
2473.75
2474
2474.25
2474.5
2474.75
2475
2475.25
2475.5
2475.75
2476
2476.25
2476.5
2476.75
2477
2477.25
2477.5
2477.75
2478
2478.25
2478.5
2478.75
2479
2479.25
2479.5
2479.75
2480
2480.25
2480.5
2480.75
2481
2481.25
2481.5
2481.75
2482
2482.25
2482.5
2482.75
2483
2483.25
2483.5
2483.75
2484
2484.25
2484.5
2484.75
2485
2485.25
2485.5
2485.75
2486
2486.25
2486.5
2486.75
2487
2487.25
2487.5
2487.75
2488
2488.25
2488.5
2488.75
2489
2489.25
2489.5
2489.75
2490
2490.25
2490.5
2490.75
2491
2491.25
2491.5
2491.75
2492
2492.25
2492.5
2492.75
2493
2493.25
2493.5
2493.75
2494
2494.25
2494.5
2494.75
2495
2495.25
2495.5
2495.75
2496
2496.25
2496.5
2496.75
2497
2497.25
2497.5
2497.75
2498
2498.25
2498.5
2498.75
2499
2499.25
2499.5
2499.75
2500
