1.96E-05
1.96E-05
1.96E-05
1.96E-05
1.96E-05
1.96E-05
1.96E-05
1.96E-05
1.96E-05
1.96E-05
1.96E-05
1.96E-05
1.96E-05
1.95E-05
1.95E-05
1.95E-05
1.95E-05
1.95E-05
1.95E-05
1.95E-05
1.95E-05
1.95E-05
1.95E-05
1.95E-05
1.95E-05
1.95E-05
1.95E-05
1.95E-05
1.95E-05
1.95E-05
1.95E-05
1.95E-05
1.95E-05
1.95E-05
1.94E-05
1.94E-05
1.94E-05
1.94E-05
1.94E-05
1.94E-05
1.94E-05
1.94E-05
1.94E-05
1.94E-05
1.94E-05
1.94E-05
1.94E-05
1.94E-05
1.94E-05
1.94E-05
1.94E-05
1.94E-05
1.94E-05
1.94E-05
1.94E-05
1.94E-05
1.93E-05
1.93E-05
1.93E-05
1.93E-05
1.93E-05
1.93E-05
1.93E-05
1.93E-05
1.93E-05
1.93E-05
1.93E-05
1.93E-05
1.93E-05
1.93E-05
1.93E-05
1.93E-05
1.93E-05
1.93E-05
1.93E-05
1.93E-05
1.93E-05
1.92E-05
1.92E-05
1.92E-05
1.92E-05
1.92E-05
1.92E-05
1.92E-05
1.92E-05
1.92E-05
1.92E-05
1.92E-05
1.92E-05
1.92E-05
1.92E-05
1.92E-05
1.92E-05
1.92E-05
1.92E-05
1.92E-05
1.92E-05
1.92E-05
1.92E-05
1.91E-05
1.91E-05
1.91E-05
1.91E-05
1.91E-05
1.91E-05
1.91E-05
1.91E-05
1.91E-05
1.91E-05
1.91E-05
1.91E-05
1.91E-05
1.91E-05
1.91E-05
1.91E-05
1.91E-05
1.91E-05
1.91E-05
1.91E-05
1.91E-05
1.90E-05
1.90E-05
1.90E-05
1.90E-05
1.90E-05
1.90E-05
1.90E-05
1.90E-05
1.90E-05
1.90E-05
1.90E-05
1.90E-05
1.90E-05
1.90E-05
1.90E-05
1.90E-05
1.90E-05
1.90E-05
1.90E-05
1.90E-05
1.90E-05
1.90E-05
1.89E-05
1.89E-05
1.89E-05
1.89E-05
1.89E-05
1.89E-05
1.89E-05
1.89E-05
1.89E-05
1.89E-05
1.89E-05
1.89E-05
1.89E-05
1.89E-05
1.89E-05
1.89E-05
1.89E-05
1.89E-05
1.89E-05
1.89E-05
1.89E-05
1.88E-05
1.88E-05
1.88E-05
1.88E-05
1.88E-05
1.88E-05
1.88E-05
1.88E-05
1.88E-05
1.88E-05
1.88E-05
1.88E-05
1.88E-05
1.88E-05
1.88E-05
1.88E-05
1.88E-05
1.88E-05
1.88E-05
1.88E-05
1.88E-05
1.88E-05
1.87E-05
1.87E-05
1.87E-05
1.87E-05
1.87E-05
1.87E-05
1.87E-05
1.87E-05
1.87E-05
1.87E-05
1.87E-05
1.87E-05
1.87E-05
1.87E-05
1.87E-05
1.87E-05
