10.9627
10.94717
10.93163
10.91609
10.90056
10.88502
10.86949
10.85396
10.83842
10.82288
10.80735
10.79182
10.77628
10.76074
10.74521
10.72967
10.71414
10.69861
10.68307
10.66753
10.652
10.63125
10.61051
10.58976
10.56902
10.54827
10.52753
10.50679
10.48604
10.46529
10.44455
10.4238
10.40306
10.38231
10.36157
10.34082
10.32008
10.29934
10.27859
10.25784
10.2371
10.20697
10.17683
10.1467
10.11656
10.08643
10.0563
10.02616
9.99603
9.96589
9.93576
9.90563
9.87549
9.84536
9.81522
9.78509
9.75496
9.72482
9.69469
9.66455
9.63442
9.58177
9.52911
9.47646
9.4238
9.37115
9.31849
9.26584
9.21318
9.16053
9.10787
9.05522
9.00257
8.94991
8.89726
8.8446
8.79195
8.73929
8.68664
8.63398
8.58133
8.50103
8.40076
8.30033
8.20222
8.10746
7.99701
7.86574
7.73588
7.5941
7.42445
7.24758
7.07724
6.87434
6.62718
6.36652
6.08529
5.72685
5.29876
4.79213
4.12621
3.26644
2.18312
1.14679
1.08535
1.95176
2.73255
4.10256
7.15493
10.7047
12.7135
12.8339
12.1133
11.4537
11.1026
10.8626
10.6385
10.4774
10.3249
10.1748
10.1205
10.09662
10.07275
10.04887
10.025
9.9926
9.96021
9.92782
9.89542
9.91957
9.94372
9.96787
9.99202
10.09561
10.19921
10.30281
10.4064
10.5164
10.6264
10.7364
10.8464
10.91295
10.9795
11.04605
11.1126
11.14805
11.1835
11.21895
11.2544
11.25213
11.24985
11.24757
11.2453
11.23385
11.2224
11.21095
11.1995
11.23188
11.26425
11.29662
11.329
11.35737
11.38574
11.41411
11.44248
11.47085
11.49922
11.52759
11.55596
11.58433
11.6127
11.64107
11.66944
11.69781
11.72618
11.75455
11.78292
11.81129
11.83966
11.86803
11.8964
11.90251
11.90862
11.91473
11.92084
11.92695
11.93306
11.93917
11.94528
11.95139
11.9575
11.96361
11.96972
11.97583
11.98194
11.98805
11.99416
12.00027
12.00638
12.01249
12.0186
