0.40664
0.40737
0.40811
0.40885
0.40958
0.41032
0.41106
0.41179
0.41253
0.41327
0.414
0.41474
0.41548
0.41621
0.41695
0.41769
0.41842
0.41916
0.4199
0.42063
0.42137
0.42149
0.42161
0.42173
0.42185
0.42197
0.42208
0.4222
0.42232
0.42244
0.42256
0.42268
0.4228
0.42292
0.42304
0.42316
0.42327
0.42339
0.42351
0.42363
0.42375
0.42573
0.42772
0.4297
0.43169
0.43367
0.43565
0.43764
0.43962
0.4416
0.44359
0.44557
0.44756
0.44954
0.45152
0.45351
0.45549
0.45747
0.45946
0.46144
0.46343
0.46583
0.46824
0.47064
0.47305
0.47546
0.47786
0.48027
0.48268
0.48508
0.48749
0.4899
0.4923
0.49471
0.49712
0.49952
0.50193
0.50434
0.50674
0.50915
0.51156
0.50338
0.4952
0.51609
0.52037
0.54127
0.52063
0.53738
0.54582
0.55427
0.5544
0.60026
0.62534
0.63379
0.65888
0.72556
0.7673
0.80489
0.90905
1.02987
1.20897
1.58784
2.29557
3.8317
6.28806
7.99559
9.24549
11.4533
13.1202
12.2471
9.54107
7.12613
5.83549
5.37786
5.17014
4.92071
4.79625
4.71345
4.63063
4.63118
4.7151
4.6948
4.67449
4.65419
4.63389
4.66573
4.69756
4.72939
4.76123
4.85571
4.95018
5.04466
5.13914
5.20237
5.26561
5.32884
5.39207
5.36136
5.33064
5.29992
5.26921
5.21757
5.16594
5.11431
5.06267
5.01099
4.95931
4.90763
4.85595
4.80423
4.75251
4.70079
4.64907
4.66007
4.67108
4.68208
4.69308
4.72502
4.75697
4.78891
4.82085
4.80253
4.78422
4.7659
4.74758
4.72927
4.71095
4.69263
4.67432
4.656
4.63768
4.61937
4.60105
4.58274
4.56442
4.5461
4.52779
4.50947
4.49115
4.47284
4.45452
4.43403
4.41353
4.39304
4.37255
4.35206
4.33156
4.31107
4.29058
4.27008
4.24959
4.2291
4.2086
4.18811
4.16762
4.14713
4.12663
4.10614
4.08565
4.06515
4.04466
